id: 129541120
type: way
latitude: 51.49497
longitude: 10.68993
postcode: "